---
title: 借贷利息表
date: 2021-04-28 11:09:03
tags:
  - 借贷
---

## 每月等额

本表采取等额本金计算（与支付宝相同）方式，标头为月利率。

|    months|     0.15%|     0.30%|     0.46%|     0.61%|     0.76%|     0.91%|     1.06%|     1.22%|     1.37%|     1.52%|
|      ---:|      ---:|      ---:|      ---:|      ---:|      ---:|      ---:|      ---:|      ---:|      ---:|      ---:|
|         1|    0.0015|    0.0030|    0.0046|    0.0061|    0.0076|    0.0091|    0.0106|    0.0122|    0.0137|    0.0152|
|         2|    0.0023|    0.0046|    0.0068|    0.0091|    0.0114|    0.0137|    0.0160|    0.0182|    0.0205|    0.0228|
|         3|    0.0030|    0.0061|    0.0091|    0.0122|    0.0152|    0.0182|    0.0213|    0.0243|    0.0274|    0.0304|
|         4|    0.0038|    0.0076|    0.0114|    0.0152|    0.0190|    0.0228|    0.0266|    0.0304|    0.0342|    0.0380|
|         5|    0.0046|    0.0091|    0.0137|    0.0182|    0.0228|    0.0274|    0.0319|    0.0365|    0.0411|    0.0456|
|         6|    0.0053|    0.0106|    0.0160|    0.0213|    0.0266|    0.0319|    0.0373|    0.0426|    0.0479|    0.0532|
|         7|    0.0061|    0.0122|    0.0182|    0.0243|    0.0304|    0.0365|    0.0426|    0.0487|    0.0547|    0.0608|
|         8|    0.0068|    0.0137|    0.0205|    0.0274|    0.0342|    0.0411|    0.0479|    0.0547|    0.0616|    0.0684|
|         9|    0.0076|    0.0152|    0.0228|    0.0304|    0.0380|    0.0456|    0.0532|    0.0608|    0.0684|    0.0760|
|        10|    0.0084|    0.0167|    0.0251|    0.0335|    0.0418|    0.0502|    0.0586|    0.0669|    0.0753|    0.0836|
|        11|    0.0091|    0.0182|    0.0274|    0.0365|    0.0456|    0.0547|    0.0639|    0.0730|    0.0821|    0.0912|
|        12|    0.0099|    0.0198|    0.0297|    0.0395|    0.0494|    0.0593|    0.0692|    0.0791|    0.0890|    0.0989|

计算公式：

```
总利息 = 本金*月利率*(月数+1)/2
```

## 先息后款

标头为月利率。

|    months|     0.15%|     0.30%|     0.46%|     0.61%|     0.76%|     0.91%|     1.06%|     1.22%|     1.37%|     1.52%|
|      ---:|      ---:|      ---:|      ---:|      ---:|      ---:|      ---:|      ---:|      ---:|      ---:|      ---:|
|         1|    0.0015|    0.0030|    0.0046|    0.0061|    0.0076|    0.0091|    0.0106|    0.0122|    0.0137|    0.0152|
|         2|    0.0030|    0.0061|    0.0091|    0.0122|    0.0153|    0.0183|    0.0214|    0.0245|    0.0276|    0.0306|
|         3|    0.0046|    0.0092|    0.0138|    0.0184|    0.0230|    0.0276|    0.0323|    0.0369|    0.0416|    0.0463|
|         4|    0.0061|    0.0122|    0.0184|    0.0246|    0.0308|    0.0370|    0.0433|    0.0496|    0.0559|    0.0622|
|         5|    0.0076|    0.0153|    0.0230|    0.0308|    0.0386|    0.0465|    0.0544|    0.0623|    0.0703|    0.0784|
|         6|    0.0092|    0.0184|    0.0277|    0.0371|    0.0465|    0.0560|    0.0656|    0.0753|    0.0850|    0.0948|
|         7|    0.0107|    0.0215|    0.0324|    0.0434|    0.0545|    0.0657|    0.0769|    0.0883|    0.0998|    0.1114|
|         8|    0.0122|    0.0246|    0.0371|    0.0497|    0.0625|    0.0754|    0.0884|    0.1016|    0.1149|    0.1283|
|         9|    0.0138|    0.0277|    0.0418|    0.0561|    0.0706|    0.0852|    0.1000|    0.1150|    0.1302|    0.1455|
|        10|    0.0153|    0.0308|    0.0466|    0.0625|    0.0787|    0.0951|    0.1117|    0.1285|    0.1456|    0.1629|
|        11|    0.0169|    0.0340|    0.0513|    0.0690|    0.0869|    0.1051|    0.1235|    0.1423|    0.1613|    0.1806|
|        12|    0.0184|    0.0371|    0.0561|    0.0755|    0.0952|    0.1152|    0.1355|    0.1562|    0.1772|    0.1986|

计算公式：

```
总利息 = ∑ 本金*(1+月利率)^(k-1)*月利率
（其中 ∑ 下界为1，上界为总月数，变量为 k）
```

## 小结

- 假设支付宝每日利率 0.05%，月利率 1.22%，分 12 期，每月等额（等额本金）偿还总利息为 7.91%，而先息后款则是 15.62%。
- 每月等额的利息增长速度与时间呈线性关系，而先息后款则是曲线关系。
- 偿还能力允许的情况下，优先选择每月等额。

（完）